trade_id,strategy_name,session_date,direction,level_type,academic_source_key,setup_mode,signal_timestamp,signal_close,prev_rth_high,prev_rth_low,prev_rth_close,prior_rth_range,prior_session_ibs,low_ibs_threshold,high_ibs_threshold,entry_timestamp,entry_price,stop_price,target_price,risk_points,signal_flatten_time,contracts,max_favorable_excursion,max_adverse_excursion,position_sizing_mode,exit_timestamp,exit_price,exit_reason,gross_pnl,net_pnl,r_multiple,commission,slippage_cost,apex_rules_enabled,latest_flat_time,force_flatten_time,latest_entry_time,was_forced_flatten,position_flat_before_deadline,pending_orders_cancelled_before_deadline,entry_before_latest_entry_time,exit_before_flatten_deadline,apex_rule_violation
1,prior_session_ibs_reversion,2011-02-23,long,prior_session_ibs_low_ibs_long,pagonidis_internal_bar_strength_equity_etf_mean_reversion,low_ibs_long,2011-02-23 10:00:00-05:00,2319.25,2366.25,2317.75,2321.0,48.5,0.06701030927835051,0.3,0.8,2011-02-23 10:00:00-05:00,2319.0,2309.5,2333.25,9.5,15:55:00,1,1.75,12.5,fixed_contracts,2011-02-23 10:40:00-05:00,2309.25,stop,-195.0,-200.0,-1.0263157894736843,5.0,10.0,True,16:59:59,16:58:30,16:45:00,False,True,True,True,True,False
2,prior_session_ibs_reversion,2011-03-02,long,prior_session_ibs_low_ibs_long,pagonidis_internal_bar_strength_equity_etf_mean_reversion,low_ibs_long,2011-03-02 10:00:00-05:00,2323.5,2362.0,2307.5,2314.75,54.5,0.13302752293577982,0.3,0.8,2011-03-02 10:00:00-05:00,2323.75,2314.25,2338.0,9.5,15:55:00,1,17.25,2.75,fixed_contracts,2011-03-02 11:00:00-05:00,2337.75,target,280.0,275.0,1.4736842105263157,5.0,10.0,True,16:59:59,16:58:30,16:45:00,False,True,True,True,True,False
3,prior_session_ibs_reversion,2011-03-17,long,prior_session_ibs_low_ibs_long,pagonidis_internal_bar_strength_equity_etf_mean_reversion,low_ibs_long,2011-03-17 10:00:00-04:00,2229.5,2249.5,2186.5,2202.0,63.0,0.24603174603174602,0.3,0.8,2011-03-17 10:00:00-04:00,2230.0,2221.0,2243.5,9.0,15:55:00,1,15.0,2.0,fixed_contracts,2011-03-17 11:00:00-04:00,2243.25,target,265.0,260.0,1.4722222222222223,5.0,10.0,True,16:59:59,16:58:30,16:45:00,False,True,True,True,True,False
4,prior_session_ibs_reversion,2011-03-18,long,prior_session_ibs_low_ibs_long,pagonidis_internal_bar_strength_equity_etf_mean_reversion,low_ibs_long,2011-03-18 10:00:00-04:00,2237.0,2245.75,2220.25,2221.75,25.5,0.058823529411764705,0.3,0.8,2011-03-18 10:00:00-04:00,2237.0,2228.0,2250.5,9.0,15:55:00,1,1.0,13.75,fixed_contracts,2011-03-18 10:05:00-04:00,2227.75,stop,-185.0,-190.0,-1.0277777777777777,5.0,10.0,True,16:59:59,16:58:30,16:45:00,False,True,True,True,True,False
5,prior_session_ibs_reversion,2011-03-21,long,prior_session_ibs_low_ibs_long,pagonidis_internal_bar_strength_equity_etf_mean_reversion,low_ibs_long,2011-03-21 10:00:00-04:00,2262.0,2248.0,2215.5,2217.25,32.5,0.05384615384615385,0.3,0.8,2011-03-21 10:00:00-04:00,2262.75,2253.5,2276.625,9.25,15:55:00,1,8.75,7.0,fixed_contracts,2011-03-21 15:55:00-04:00,2261.75,eod_flatten,-20.0,-25.0,-0.10810810810810811,5.0,10.0,True,16:59:59,16:58:30,16:45:00,False,True,True,True,True,False
6,prior_session_ibs_reversion,2011-03-29,long,prior_session_ibs_low_ibs_long,pagonidis_internal_bar_strength_equity_etf_mean_reversion,low_ibs_long,2011-03-29 10:00:00-04:00,2298.5,2325.25,2300.25,2301.0,25.0,0.03,0.3,0.8,2011-03-29 10:00:00-04:00,2298.75,2289.5,2312.625,9.25,15:55:00,1,15.0,1.5,fixed_contracts,2011-03-29 10:15:00-04:00,2312.375,target,272.5,267.5,1.472972972972973,5.0,10.0,True,16:59:59,16:58:30,16:45:00,False,True,True,True,True,False
7,prior_session_ibs_reversion,2011-05-06,long,prior_session_ibs_low_ibs_long,pagonidis_internal_bar_strength_equity_etf_mean_reversion,low_ibs_long,2011-05-06 10:00:00-04:00,2393.25,2399.75,2363.5,2372.0,36.25,0.23448275862068965,0.3,0.8,2011-05-06 10:00:00-04:00,2393.75,2384.0,2408.375,9.75,15:55:00,1,16.0,4.5,fixed_contracts,2011-05-06 11:45:00-04:00,2408.125,target,287.5,282.5,1.4743589743589745,5.0,10.0,True,16:59:59,16:58:30,16:45:00,False,True,True,True,True,False
8,prior_session_ibs_reversion,2011-05-09,long,prior_session_ibs_low_ibs_long,pagonidis_internal_bar_strength_equity_etf_mean_reversion,low_ibs_long,2011-05-09 10:00:00-04:00,2379.0,2409.75,2372.75,2379.5,37.0,0.18243243243243243,0.3,0.8,2011-05-09 10:00:00-04:00,2379.25,2369.5,2393.875,9.75,15:55:00,1,16.75,5.25,fixed_contracts,2011-05-09 12:05:00-04:00,2393.625,target,287.5,282.5,1.4743589743589745,5.0,10.0,True,16:59:59,16:58:30,16:45:00,False,True,True,True,True,False
9,prior_session_ibs_reversion,2011-05-16,long,prior_session_ibs_low_ibs_long,pagonidis_internal_bar_strength_equity_etf_mean_reversion,low_ibs_long,2011-05-16 10:00:00-04:00,2366.25,2403.5,2375.5,2376.5,28.0,0.03571428571428571,0.3,0.8,2011-05-16 10:00:00-04:00,2366.5,2357.0,2380.75,9.5,15:55:00,1,5.75,9.75,fixed_contracts,2011-05-16 12:00:00-04:00,2356.75,stop,-195.0,-200.0,-1.0263157894736843,5.0,10.0,True,16:59:59,16:58:30,16:45:00,False,True,True,True,True,False
10,prior_session_ibs_reversion,2011-05-17,long,prior_session_ibs_low_ibs_long,pagonidis_internal_bar_strength_equity_etf_mean_reversion,low_ibs_long,2011-05-17 10:00:00-04:00,2328.25,2372.25,2329.25,2335.0,43.0,0.13372093023255813,0.3,0.8,2011-05-17 10:00:00-04:00,2328.25,2318.75,2342.5,9.5,15:55:00,1,10.25,10.0,fixed_contracts,2011-05-17 11:05:00-04:00,2318.5,stop,-195.0,-200.0,-1.0263157894736843,5.0,10.0,True,16:59:59,16:58:30,16:45:00,False,True,True,True,True,False
11,prior_session_ibs_reversion,2011-06-02,long,prior_session_ibs_low_ibs_long,pagonidis_internal_bar_strength_equity_etf_mean_reversion,low_ibs_long,2011-06-02 10:00:00-04:00,2329.25,2374.25,2320.5,2322.0,53.75,0.027906976744186046,0.3,0.8,2011-06-02 10:00:00-04:00,2329.5,2320.0,2343.75,9.5,15:55:00,1,6.0,11.25,fixed_contracts,2011-06-02 11:30:00-04:00,2319.75,stop,-195.0,-200.0,-1.0263157894736843,5.0,10.0,True,16:59:59,16:58:30,16:45:00,False,True,True,True,True,False
12,prior_session_ibs_reversion,2011-06-06,long,prior_session_ibs_low_ibs_long,pagonidis_internal_bar_strength_equity_etf_mean_reversion,low_ibs_long,2011-06-06 10:00:00-04:00,2296.25,2318.0,2288.75,2291.75,29.25,0.10256410256410256,0.3,0.8,2011-06-06 10:00:00-04:00,2296.5,2287.25,2310.375,9.25,15:55:00,1,0.25,9.75,fixed_contracts,2011-06-06 10:45:00-04:00,2287.0,stop,-190.0,-195.0,-1.027027027027027,5.0,10.0,True,16:59:59,16:58:30,16:45:00,False,True,True,True,True,False
13,prior_session_ibs_reversion,2011-06-07,long,prior_session_ibs_low_ibs_long,pagonidis_internal_bar_strength_equity_etf_mean_reversion,low_ibs_long,2011-06-07 10:00:00-04:00,2277.5,2299.25,2272.5,2273.5,26.75,0.037383177570093455,0.3,0.8,2011-06-07 10:00:00-04:00,2277.5,2268.25,2291.375,9.25,15:55:00,1,10.75,7.25,fixed_contracts,2011-06-07 15:55:00-04:00,2273.75,eod_flatten,-75.0,-80.0,-0.40540540540540543,5.0,10.0,True,16:59:59,16:58:30,16:45:00,False,True,True,True,True,False
14,prior_session_ibs_reversion,2011-06-14,long,prior_session_ibs_low_ibs_long,pagonidis_internal_bar_strength_equity_etf_mean_reversion,low_ibs_long,2011-06-14 10:00:00-04:00,2242.5,2251.0,2220.25,2221.5,30.75,0.04065040650406504,0.3,0.8,2011-06-14 10:00:00-04:00,2242.5,2233.5,2256.0,9.0,15:55:00,1,10.25,1.25,fixed_contracts,2011-06-14 15:55:00-04:00,2246.0,eod_flatten,70.0,65.0,0.3888888888888889,5.0,10.0,True,16:59:59,16:58:30,16:45:00,False,True,True,True,True,False
15,prior_session_ibs_reversion,2011-06-16,long,prior_session_ibs_low_ibs_long,pagonidis_internal_bar_strength_equity_etf_mean_reversion,low_ibs_long,2011-06-16 10:00:00-04:00,2205.75,2239.0,2199.75,2204.75,39.25,0.12738853503184713,0.3,0.8,2011-06-16 10:00:00-04:00,2206.5,2197.5,2220.0,9.0,15:55:00,1,6.5,10.75,fixed_contracts,2011-06-16 13:55:00-04:00,2197.25,stop,-185.0,-190.0,-1.0277777777777777,5.0,10.0,True,16:59:59,16:58:30,16:45:00,False,True,True,True,True,False
16,prior_session_ibs_reversion,2011-06-20,long,prior_session_ibs_low_ibs_long,pagonidis_internal_bar_strength_equity_etf_mean_reversion,low_ibs_long,2011-06-20 10:00:00-04:00,2194.0,2218.75,2182.5,2188.75,36.25,0.1724137931034483,0.3,0.8,2011-06-20 10:00:00-04:00,2194.25,2185.25,2207.75,9.0,15:55:00,1,12.75,8.5,fixed_contracts,2011-06-20 15:55:00-04:00,2197.75,eod_flatten,70.0,65.0,0.3888888888888889,5.0,10.0,True,16:59:59,16:58:30,16:45:00,False,True,True,True,True,False
17,prior_session_ibs_reversion,2011-06-27,long,prior_session_ibs_low_ibs_long,pagonidis_internal_bar_strength_equity_etf_mean_reversion,low_ibs_long,2011-06-27 10:00:00-04:00,2222.75,2243.5,2208.0,2213.0,35.5,0.14084507042253522,0.3,0.8,2011-06-27 10:00:00-04:00,2223.0,2214.0,2236.5,9.0,15:55:00,1,15.25,1.0,fixed_contracts,2011-06-27 10:25:00-04:00,2236.25,target,265.0,260.0,1.4722222222222223,5.0,10.0,True,16:59:59,16:58:30,16:45:00,False,True,True,True,True,False
18,prior_session_ibs_reversion,2011-07-12,long,prior_session_ibs_low_ibs_long,pagonidis_internal_bar_strength_equity_etf_mean_reversion,low_ibs_long,2011-07-12 10:00:00-04:00,2348.75,2389.5,2351.25,2359.75,38.25,0.2222222222222222,0.3,0.8,2011-07-12 10:00:00-04:00,2349.0,2339.5,2363.25,9.5,15:55:00,1,15.0,3.75,fixed_contracts,2011-07-12 14:20:00-04:00,2363.0,target,280.0,275.0,1.4736842105263157,5.0,10.0,True,16:59:59,16:58:30,16:45:00,False,True,True,True,True,False
19,prior_session_ibs_reversion,2011-07-13,long,prior_session_ibs_low_ibs_long,pagonidis_internal_bar_strength_equity_etf_mean_reversion,low_ibs_long,2011-07-13 10:00:00-04:00,2352.5,2364.0,2339.0,2341.0,25.0,0.08,0.3,0.8,2011-07-13 10:00:00-04:00,2352.5,2343.0,2366.75,9.5,15:55:00,1,16.5,0.75,fixed_contracts,2011-07-13 10:20:00-04:00,2366.5,target,280.0,275.0,1.4736842105263157,5.0,10.0,True,16:59:59,16:58:30,16:45:00,False,True,True,True,True,False
20,prior_session_ibs_reversion,2011-07-14,long,prior_session_ibs_low_ibs_long,pagonidis_internal_bar_strength_equity_etf_mean_reversion,low_ibs_long,2011-07-14 10:00:00-04:00,2365.75,2375.0,2342.25,2350.5,32.75,0.25190839694656486,0.3,0.8,2011-07-14 10:00:00-04:00,2366.0,2356.5,2380.25,9.5,15:55:00,1,2.25,10.25,fixed_contracts,2011-07-14 10:35:00-04:00,2356.25,stop,-195.0,-200.0,-1.0263157894736843,5.0,10.0,True,16:59:59,16:58:30,16:45:00,False,True,True,True,True,False
21,prior_session_ibs_reversion,2011-07-15,long,prior_session_ibs_low_ibs_long,pagonidis_internal_bar_strength_equity_etf_mean_reversion,low_ibs_long,2011-07-15 10:00:00-04:00,2339.5,2368.25,2314.5,2323.0,53.75,0.15813953488372093,0.3,0.8,2011-07-15 10:00:00-04:00,2340.0,2330.5,2354.25,9.5,15:55:00,1,14.25,7.25,fixed_contracts,2011-07-15 15:50:00-04:00,2354.0,target,280.0,275.0,1.4736842105263157,5.0,10.0,True,16:59:59,16:58:30,16:45:00,False,True,True,True,True,False
22,prior_session_ibs_reversion,2011-07-21,long,prior_session_ibs_low_ibs_long,pagonidis_internal_bar_strength_equity_etf_mean_reversion,low_ibs_long,2011-07-21 10:00:00-04:00,2389.5,2409.25,2381.0,2384.75,28.25,0.13274336283185842,0.3,0.8,2011-07-21 10:00:00-04:00,2390.5,2380.75,2405.125,9.75,15:55:00,1,15.5,4.25,fixed_contracts,2011-07-21 10:10:00-04:00,2404.875,target,287.5,282.5,1.4743589743589745,5.0,10.0,True,16:59:59,16:58:30,16:45:00,False,True,True,True,True,False
23,prior_session_ibs_reversion,2011-07-28,long,prior_session_ibs_low_ibs_long,pagonidis_internal_bar_strength_equity_etf_mean_reversion,low_ibs_long,2011-07-28 10:00:00-04:00,2371.5,2413.5,2358.25,2364.75,55.25,0.11764705882352941,0.3,0.8,2011-07-28 10:00:00-04:00,2371.5,2362.0,2385.75,9.5,15:55:00,1,15.0,6.0,fixed_contracts,2011-07-28 11:00:00-04:00,2385.5,target,280.0,275.0,1.4736842105263157,5.0,10.0,True,16:59:59,16:58:30,16:45:00,False,True,True,True,True,False
24,prior_session_ibs_reversion,2011-08-03,long,prior_session_ibs_low_ibs_long,pagonidis_internal_bar_strength_equity_etf_mean_reversion,low_ibs_long,2011-08-03 10:00:00-04:00,2300.0,2349.25,2287.75,2290.25,61.5,0.04065040650406504,0.3,0.8,2011-08-03 10:00:00-04:00,2300.75,2291.5,2314.625,9.25,15:55:00,1,2.75,13.0,fixed_contracts,2011-08-03 10:05:00-04:00,2291.25,stop,-190.0,-195.0,-1.027027027027027,5.0,10.0,True,16:59:59,16:58:30,16:45:00,False,True,True,True,True,False
25,prior_session_ibs_reversion,2011-08-05,long,prior_session_ibs_low_ibs_long,pagonidis_internal_bar_strength_equity_etf_mean_reversion,low_ibs_long,2011-08-05 10:00:00-04:00,2176.75,2282.0,2204.75,2205.25,77.25,0.006472491909385114,0.3,0.8,2011-08-05 10:00:00-04:00,2177.0,2168.25,2190.125,8.75,15:55:00,1,18.5,8.25,fixed_contracts,2011-08-05 10:05:00-04:00,2189.875,target,257.5,252.5,1.4714285714285715,5.0,10.0,True,16:59:59,16:58:30,16:45:00,False,True,True,True,True,False
26,prior_session_ibs_reversion,2011-08-09,long,prior_session_ibs_low_ibs_long,pagonidis_internal_bar_strength_equity_etf_mean_reversion,low_ibs_long,2011-08-09 10:00:00-04:00,2103.0,2161.75,2059.75,2060.25,102.0,0.004901960784313725,0.3,0.8,2011-08-09 10:00:00-04:00,2103.0,2094.5,2115.75,8.5,15:55:00,1,12.75,2.75,fixed_contracts,2011-08-09 10:05:00-04:00,2115.5,target,250.0,245.0,1.4705882352941178,5.0,10.0,True,16:59:59,16:58:30,16:45:00,False,True,True,True,True,False
27,prior_session_ibs_reversion,2011-08-11,long,prior_session_ibs_low_ibs_long,pagonidis_internal_bar_strength_equity_etf_mean_reversion,low_ibs_long,2011-08-11 10:00:00-04:00,2103.75,2139.75,2066.5,2069.5,73.25,0.040955631399317405,0.3,0.8,2011-08-11 10:00:00-04:00,2104.25,2095.75,2117.0,8.5,15:55:00,1,25.5,2.25,fixed_contracts,2011-08-11 10:15:00-04:00,2116.75,target,250.0,245.0,1.4705882352941178,5.0,10.0,True,16:59:59,16:58:30,16:45:00,False,True,True,True,True,False
28,prior_session_ibs_reversion,2011-08-19,long,prior_session_ibs_low_ibs_long,pagonidis_internal_bar_strength_equity_etf_mean_reversion,low_ibs_long,2011-08-19 10:00:00-04:00,2078.25,2122.25,2053.0,2073.5,69.25,0.296028880866426,0.3,0.8,2011-08-19 10:00:00-04:00,2079.0,2070.5,2091.75,8.5,15:55:00,1,13.25,4.75,fixed_contracts,2011-08-19 10:20:00-04:00,2091.5,target,250.0,245.0,1.4705882352941178,5.0,10.0,True,16:59:59,16:58:30,16:45:00,False,True,True,True,True,False
29,prior_session_ibs_reversion,2011-08-22,long,prior_session_ibs_low_ibs_long,pagonidis_internal_bar_strength_equity_etf_mean_reversion,low_ibs_long,2011-08-22 10:00:00-04:00,2067.75,2102.0,2033.75,2035.75,68.25,0.029304029304029304,0.3,0.8,2011-08-22 10:00:00-04:00,2068.0,2059.5,2080.75,8.5,15:55:00,1,4.25,9.75,fixed_contracts,2011-08-22 10:10:00-04:00,2059.25,stop,-175.0,-180.0,-1.0294117647058822,5.0,10.0,True,16:59:59,16:58:30,16:45:00,False,True,True,True,True,False
30,prior_session_ibs_reversion,2011-08-23,long,prior_session_ibs_low_ibs_long,pagonidis_internal_bar_strength_equity_etf_mean_reversion,low_ibs_long,2011-08-23 10:00:00-04:00,2066.0,2084.75,2036.5,2042.0,48.25,0.11398963730569948,0.3,0.8,2011-08-23 10:00:00-04:00,2066.25,2057.75,2079.0,8.5,15:55:00,1,17.0,2.0,fixed_contracts,2011-08-23 10:05:00-04:00,2078.75,target,250.0,245.0,1.4705882352941178,5.0,10.0,True,16:59:59,16:58:30,16:45:00,False,True,True,True,True,False
31,prior_session_ibs_reversion,2011-08-26,long,prior_session_ibs_low_ibs_long,pagonidis_internal_bar_strength_equity_etf_mean_reversion,low_ibs_long,2011-08-26 10:00:00-04:00,2102.0,2152.0,2101.0,2109.25,51.0,0.16176470588235295,0.3,0.8,2011-08-26 10:00:00-04:00,2102.0,2093.5,2114.75,8.5,15:55:00,1,0.75,15.25,fixed_contracts,2011-08-26 10:00:00-04:00,2093.25,stop,-175.0,-180.0,-1.0294117647058822,5.0,10.0,True,16:59:59,16:58:30,16:45:00,False,True,True,True,True,False
32,prior_session_ibs_reversion,2011-09-02,long,prior_session_ibs_low_ibs_long,pagonidis_internal_bar_strength_equity_etf_mean_reversion,low_ibs_long,2011-09-02 10:00:00-04:00,2180.0,2263.75,2215.5,2219.25,48.25,0.07772020725388601,0.3,0.8,2011-09-02 10:00:00-04:00,2180.0,2171.25,2193.125,8.75,15:55:00,1,9.75,8.75,fixed_contracts,2011-09-02 10:45:00-04:00,2171.0,stop,-180.0,-185.0,-1.0285714285714285,5.0,10.0,True,16:59:59,16:58:30,16:45:00,False,True,True,True,True,False
33,prior_session_ibs_reversion,2011-09-09,long,prior_session_ibs_low_ibs_long,pagonidis_internal_bar_strength_equity_etf_mean_reversion,low_ibs_long,2011-09-09 10:00:00-04:00,2189.0,2244.0,2205.5,2212.5,38.5,0.18181818181818182,0.3,0.8,2011-09-09 10:00:00-04:00,2190.0,2181.0,2203.5,9.0,15:55:00,1,14.0,2.75,fixed_contracts,2011-09-09 10:30:00-04:00,2203.25,target,265.0,260.0,1.4722222222222223,5.0,10.0,True,16:59:59,16:58:30,16:45:00,False,True,True,True,True,False
34,prior_session_ibs_reversion,2011-09-12,long,prior_session_ibs_low_ibs_long,pagonidis_internal_bar_strength_equity_etf_mean_reversion,low_ibs_long,2011-09-12 10:00:00-04:00,2170.25,2206.5,2149.75,2163.0,56.75,0.23348017621145375,0.3,0.8,2011-09-12 10:00:00-04:00,2170.75,2162.0,2183.875,8.75,15:55:00,1,10.0,9.25,fixed_contracts,2011-09-12 10:35:00-04:00,2161.75,stop,-180.0,-185.0,-1.0285714285714285,5.0,10.0,True,16:59:59,16:58:30,16:45:00,False,True,True,True,True,False
35,prior_session_ibs_reversion,2011-09-21,long,prior_session_ibs_low_ibs_long,pagonidis_internal_bar_strength_equity_etf_mean_reversion,low_ibs_long,2011-09-21 10:00:00-04:00,2310.0,2332.5,2287.25,2291.5,45.25,0.09392265193370165,0.3,0.8,2011-09-21 10:00:00-04:00,2310.25,2301.0,2324.125,9.25,15:55:00,1,3.0,10.0,fixed_contracts,2011-09-21 10:25:00-04:00,2300.75,stop,-190.0,-195.0,-1.027027027027027,5.0,10.0,True,16:59:59,16:58:30,16:45:00,False,True,True,True,True,False
36,prior_session_ibs_reversion,2011-09-22,long,prior_session_ibs_low_ibs_long,pagonidis_internal_bar_strength_equity_etf_mean_reversion,low_ibs_long,2011-09-22 10:00:00-04:00,2179.5,2318.0,2252.25,2252.5,65.75,0.0038022813688212928,0.3,0.8,2011-09-22 10:00:00-04:00,2180.0,2171.25,2193.125,8.75,15:55:00,1,15.75,0.75,fixed_contracts,2011-09-22 10:05:00-04:00,2192.875,target,257.5,252.5,1.4714285714285715,5.0,10.0,True,16:59:59,16:58:30,16:45:00,False,True,True,True,True,False
37,prior_session_ibs_reversion,2011-09-28,long,prior_session_ibs_low_ibs_long,pagonidis_internal_bar_strength_equity_etf_mean_reversion,low_ibs_long,2011-09-28 10:00:00-04:00,2268.25,2285.25,2235.25,2249.5,50.0,0.285,0.3,0.8,2011-09-28 10:00:00-04:00,2268.75,2259.5,2282.625,9.25,15:55:00,1,0.25,9.75,fixed_contracts,2011-09-28 10:10:00-04:00,2259.25,stop,-190.0,-195.0,-1.027027027027027,5.0,10.0,True,16:59:59,16:58:30,16:45:00,False,True,True,True,True,False
38,prior_session_ibs_reversion,2011-09-29,long,prior_session_ibs_low_ibs_long,pagonidis_internal_bar_strength_equity_etf_mean_reversion,low_ibs_long,2011-09-29 10:00:00-04:00,2241.25,2275.75,2212.0,2214.75,63.75,0.043137254901960784,0.3,0.8,2011-09-29 10:00:00-04:00,2241.25,2232.25,2254.75,9.0,15:55:00,1,3.25,10.0,fixed_contracts,2011-09-29 10:10:00-04:00,2232.0,stop,-185.0,-190.0,-1.0277777777777777,5.0,10.0,True,16:59:59,16:58:30,16:45:00,False,True,True,True,True,False
39,prior_session_ibs_reversion,2011-10-03,long,prior_session_ibs_low_ibs_long,pagonidis_internal_bar_strength_equity_etf_mean_reversion,low_ibs_long,2011-10-03 10:00:00-04:00,2108.5,2179.0,2132.25,2133.0,46.75,0.016042780748663103,0.3,0.8,2011-10-03 10:00:00-04:00,2108.25,2099.75,2121.0,8.5,15:55:00,1,20.25,3.25,fixed_contracts,2011-10-03 10:00:00-04:00,2120.75,target,250.0,245.0,1.4705882352941178,5.0,10.0,True,16:59:59,16:58:30,16:45:00,False,True,True,True,True,False
40,prior_session_ibs_reversion,2011-10-04,long,prior_session_ibs_low_ibs_long,pagonidis_internal_bar_strength_equity_etf_mean_reversion,low_ibs_long,2011-10-04 10:00:00-04:00,2052.5,2148.0,2077.25,2077.75,70.75,0.007067137809187279,0.3,0.8,2011-10-04 10:00:00-04:00,2053.0,2044.75,2065.375,8.25,15:55:00,1,10.0,10.5,fixed_contracts,2011-10-04 10:05:00-04:00,2044.5,stop,-170.0,-175.0,-1.0303030303030303,5.0,10.0,True,16:59:59,16:58:30,16:45:00,False,True,True,True,True,False
41,prior_session_ibs_reversion,2011-10-13,long,prior_session_ibs_low_ibs_long,pagonidis_internal_bar_strength_equity_etf_mean_reversion,low_ibs_long,2011-10-13 10:00:00-04:00,2299.75,2329.0,2300.0,2302.75,29.0,0.09482758620689655,0.3,0.8,2011-10-13 10:00:00-04:00,2300.0,2290.75,2313.875,9.25,15:55:00,1,14.0,3.5,fixed_contracts,2011-10-13 11:50:00-04:00,2313.625,target,272.5,267.5,1.472972972972973,5.0,10.0,True,16:59:59,16:58:30,16:45:00,False,True,True,True,True,False
42,prior_session_ibs_reversion,2011-10-20,long,prior_session_ibs_low_ibs_long,pagonidis_internal_bar_strength_equity_etf_mean_reversion,low_ibs_long,2011-10-20 10:00:00-04:00,2300.75,2362.75,2317.0,2330.0,45.75,0.28415300546448086,0.3,0.8,2011-10-20 10:00:00-04:00,2301.5,2292.25,2315.375,9.25,15:55:00,1,12.0,17.0,fixed_contracts,2011-10-20 11:00:00-04:00,2292.0,stop,-190.0,-195.0,-1.027027027027027,5.0,10.0,True,16:59:59,16:58:30,16:45:00,False,True,True,True,True,False
43,prior_session_ibs_reversion,2011-10-26,long,prior_session_ibs_low_ibs_long,pagonidis_internal_bar_strength_equity_etf_mean_reversion,low_ibs_long,2011-10-26 10:00:00-04:00,2340.5,2372.5,2327.25,2333.25,45.25,0.13259668508287292,0.3,0.8,2011-10-26 10:00:00-04:00,2340.5,2331.0,2354.75,9.5,15:55:00,1,1.0,13.5,fixed_contracts,2011-10-26 10:05:00-04:00,2330.75,stop,-195.0,-200.0,-1.0263157894736843,5.0,10.0,True,16:59:59,16:58:30,16:45:00,False,True,True,True,True,False
44,prior_session_ibs_reversion,2011-11-01,long,prior_session_ibs_low_ibs_long,pagonidis_internal_bar_strength_equity_etf_mean_reversion,low_ibs_long,2011-11-01 10:00:00-04:00,2307.0,2386.25,2356.25,2357.0,30.0,0.025,0.3,0.8,2011-11-01 10:00:00-04:00,2307.25,2298.0,2321.125,9.25,15:55:00,1,4.5,17.0,fixed_contracts,2011-11-01 10:00:00-04:00,2297.75,stop,-190.0,-195.0,-1.027027027027027,5.0,10.0,True,16:59:59,16:58:30,16:45:00,False,True,True,True,True,False
45,prior_session_ibs_reversion,2011-11-10,long,prior_session_ibs_low_ibs_long,pagonidis_internal_bar_strength_equity_etf_mean_reversion,low_ibs_long,2011-11-10 10:00:00-05:00,2309.75,2352.0,2302.5,2311.25,49.5,0.17676767676767677,0.3,0.8,2011-11-10 10:00:00-05:00,2310.0,2300.75,2323.875,9.25,15:55:00,1,6.75,13.25,fixed_contracts,2011-11-10 10:20:00-05:00,2300.5,stop,-190.0,-195.0,-1.027027027027027,5.0,10.0,True,16:59:59,16:58:30,16:45:00,False,True,True,True,True,False
46,prior_session_ibs_reversion,2011-11-15,long,prior_session_ibs_low_ibs_long,pagonidis_internal_bar_strength_equity_etf_mean_reversion,low_ibs_long,2011-11-15 10:00:00-05:00,2346.0,2360.0,2329.75,2338.75,30.25,0.2975206611570248,0.3,0.8,2011-11-15 10:00:00-05:00,2346.0,2336.5,2360.25,9.5,15:55:00,1,1.0,11.25,fixed_contracts,2011-11-15 10:10:00-05:00,2336.25,stop,-195.0,-200.0,-1.0263157894736843,5.0,10.0,True,16:59:59,16:58:30,16:45:00,False,True,True,True,True,False
47,prior_session_ibs_reversion,2011-11-17,long,prior_session_ibs_low_ibs_long,pagonidis_internal_bar_strength_equity_etf_mean_reversion,low_ibs_long,2011-11-17 10:00:00-05:00,2309.75,2364.75,2320.5,2323.75,44.25,0.07344632768361582,0.3,0.8,2011-11-17 10:00:00-05:00,2309.25,2300.0,2323.125,9.25,15:55:00,1,4.0,12.25,fixed_contracts,2011-11-17 11:00:00-05:00,2299.75,stop,-190.0,-195.0,-1.027027027027027,5.0,10.0,True,16:59:59,16:58:30,16:45:00,False,True,True,True,True,False
48,prior_session_ibs_reversion,2011-11-18,long,prior_session_ibs_low_ibs_long,pagonidis_internal_bar_strength_equity_etf_mean_reversion,low_ibs_long,2011-11-18 10:00:00-05:00,2264.0,2319.5,2256.0,2273.0,63.5,0.2677165354330709,0.3,0.8,2011-11-18 10:00:00-05:00,2264.25,2255.0,2278.125,9.25,15:55:00,1,4.0,9.75,fixed_contracts,2011-11-18 10:25:00-05:00,2254.75,stop,-190.0,-195.0,-1.027027027027027,5.0,10.0,True,16:59:59,16:58:30,16:45:00,False,True,True,True,True,False
49,prior_session_ibs_reversion,2011-11-28,long,prior_session_ibs_low_ibs_long,pagonidis_internal_bar_strength_equity_etf_mean_reversion,low_ibs_long,2011-11-28 10:00:00-05:00,2221.0,2203.0,2165.5,2166.0,37.5,0.013333333333333334,0.3,0.8,2011-11-28 10:00:00-05:00,2221.25,2212.25,2234.75,9.0,15:55:00,1,6.75,9.75,fixed_contracts,2011-11-28 15:05:00-05:00,2212.0,stop,-185.0,-190.0,-1.0277777777777777,5.0,10.0,True,16:59:59,16:58:30,16:45:00,False,True,True,True,True,False
50,prior_session_ibs_reversion,2011-11-30,long,prior_session_ibs_low_ibs_long,pagonidis_internal_bar_strength_equity_etf_mean_reversion,low_ibs_long,2011-11-30 10:00:00-05:00,2274.25,2240.75,2205.25,2210.5,35.5,0.14788732394366197,0.3,0.8,2011-11-30 10:00:00-05:00,2275.0,2265.75,2288.875,9.25,15:55:00,1,15.25,2.75,fixed_contracts,2011-11-30 10:40:00-05:00,2288.625,target,272.5,267.5,1.472972972972973,5.0,10.0,True,16:59:59,16:58:30,16:45:00,False,True,True,True,True,False
51,prior_session_ibs_reversion,2011-12-05,long,prior_session_ibs_low_ibs_long,pagonidis_internal_bar_strength_equity_etf_mean_reversion,low_ibs_long,2011-12-05 10:00:00-05:00,2329.75,2332.5,2300.75,2302.0,31.75,0.03937007874015748,0.3,0.8,2011-12-05 10:00:00-05:00,2329.5,2320.0,2343.75,9.5,15:55:00,1,14.25,4.25,fixed_contracts,2011-12-05 10:35:00-05:00,2343.5,target,280.0,275.0,1.4736842105263157,5.0,10.0,True,16:59:59,16:58:30,16:45:00,False,True,True,True,True,False
52,prior_session_ibs_reversion,2011-12-09,long,prior_session_ibs_low_ibs_long,pagonidis_internal_bar_strength_equity_etf_mean_reversion,low_ibs_long,2011-12-09 10:00:00-05:00,2297.75,2324.5,2277.75,2281.75,46.75,0.0855614973262032,0.3,0.8,2011-12-09 10:00:00-05:00,2298.0,2288.75,2311.875,9.25,15:55:00,1,15.25,2.25,fixed_contracts,2011-12-09 11:00:00-05:00,2311.625,target,272.5,267.5,1.472972972972973,5.0,10.0,True,16:59:59,16:58:30,16:45:00,False,True,True,True,True,False
53,prior_session_ibs_reversion,2011-12-14,long,prior_session_ibs_low_ibs_long,pagonidis_internal_bar_strength_equity_etf_mean_reversion,low_ibs_long,2011-12-14 10:00:00-05:00,2249.25,2314.75,2255.0,2264.5,59.75,0.1589958158995816,0.3,0.8,2011-12-14 10:00:00-05:00,2249.75,2240.75,2263.25,9.0,15:55:00,1,0.0,9.25,fixed_contracts,2011-12-14 10:05:00-05:00,2240.5,stop,-185.0,-190.0,-1.0277777777777777,5.0,10.0,True,16:59:59,16:58:30,16:45:00,False,True,True,True,True,False
54,prior_session_ibs_reversion,2011-12-16,long,prior_session_ibs_low_ibs_long,pagonidis_internal_bar_strength_equity_etf_mean_reversion,low_ibs_long,2011-12-16 10:00:00-05:00,2250.25,2249.75,2218.75,2222.25,31.0,0.11290322580645161,0.3,0.8,2011-12-16 10:00:00-05:00,2250.75,2241.5,2264.625,9.25,15:55:00,1,13.5,10.5,fixed_contracts,2011-12-16 11:55:00-05:00,2241.25,stop,-190.0,-195.0,-1.027027027027027,5.0,10.0,True,16:59:59,16:58:30,16:45:00,False,True,True,True,True,False
55,prior_session_ibs_reversion,2011-12-19,long,prior_session_ibs_low_ibs_long,pagonidis_internal_bar_strength_equity_etf_mean_reversion,low_ibs_long,2011-12-19 10:00:00-05:00,2242.25,2264.25,2229.5,2233.25,34.75,0.1079136690647482,0.3,0.8,2011-12-19 10:00:00-05:00,2242.75,2233.75,2256.25,9.0,15:55:00,1,3.5,9.0,fixed_contracts,2011-12-19 10:45:00-05:00,2233.5,stop,-185.0,-190.0,-1.0277777777777777,5.0,10.0,True,16:59:59,16:58:30,16:45:00,False,True,True,True,True,False
56,prior_session_ibs_reversion,2011-12-20,long,prior_session_ibs_low_ibs_long,pagonidis_internal_bar_strength_equity_etf_mean_reversion,low_ibs_long,2011-12-20 10:00:00-05:00,2258.75,2247.0,2204.25,2210.75,42.75,0.15204678362573099,0.3,0.8,2011-12-20 10:00:00-05:00,2259.25,2250.0,2273.125,9.25,15:55:00,1,16.0,3.0,fixed_contracts,2011-12-20 11:50:00-05:00,2272.875,target,272.5,267.5,1.472972972972973,5.0,10.0,True,16:59:59,16:58:30,16:45:00,False,True,True,True,True,False
57,prior_session_ibs_reversion,2011-12-29,long,prior_session_ibs_low_ibs_long,pagonidis_internal_bar_strength_equity_etf_mean_reversion,low_ibs_long,2011-12-29 10:00:00-05:00,2261.25,2290.0,2253.75,2263.25,36.25,0.2620689655172414,0.3,0.8,2011-12-29 10:00:00-05:00,2261.75,2252.5,2275.625,9.25,15:55:00,1,14.0,2.75,fixed_contracts,2011-12-29 12:00:00-05:00,2275.375,target,272.5,267.5,1.472972972972973,5.0,10.0,True,16:59:59,16:58:30,16:45:00,False,True,True,True,True,False
58,prior_session_ibs_reversion,2012-02-16,long,prior_session_ibs_low_ibs_long,pagonidis_internal_bar_strength_equity_etf_mean_reversion,low_ibs_long,2012-02-16 10:00:00-05:00,2557.0,2600.5,2552.5,2555.5,48.0,0.0625,0.3,0.8,2012-02-16 10:00:00-05:00,2557.0,2546.75,2572.375,10.25,15:55:00,1,16.25,1.75,fixed_contracts,2012-02-16 11:55:00-05:00,2572.125,target,302.5,297.5,1.475609756097561,5.0,10.0,True,16:59:59,16:58:30,16:45:00,False,True,True,True,True,False
59,prior_session_ibs_reversion,2012-03-01,long,prior_session_ibs_low_ibs_long,pagonidis_internal_bar_strength_equity_etf_mean_reversion,low_ibs_long,2012-03-01 10:00:00-05:00,2637.25,2645.25,2614.25,2623.0,31.0,0.28225806451612906,0.3,0.8,2012-03-01 10:00:00-05:00,2638.0,2627.25,2654.125,10.75,15:55:00,1,0.0,11.0,fixed_contracts,2012-03-01 10:00:00-05:00,2627.0,stop,-220.0,-225.0,-1.0232558139534884,5.0,10.0,True,16:59:59,16:58:30,16:45:00,False,True,True,True,True,False
60,prior_session_ibs_reversion,2012-03-06,long,prior_session_ibs_low_ibs_long,pagonidis_internal_bar_strength_equity_etf_mean_reversion,low_ibs_long,2012-03-06 10:00:00-05:00,2584.0,2643.0,2605.5,2614.0,37.5,0.22666666666666666,0.3,0.8,2012-03-06 10:00:00-05:00,2584.25,2573.75,2600.0,10.5,15:55:00,1,8.5,9.25,fixed_contracts,2012-03-06 15:55:00-05:00,2589.75,eod_flatten,110.0,105.0,0.5238095238095238,5.0,10.0,True,16:59:59,16:58:30,16:45:00,False,True,True,True,True,False
61,prior_session_ibs_reversion,2012-04-11,long,prior_session_ibs_low_ibs_long,pagonidis_internal_bar_strength_equity_etf_mean_reversion,low_ibs_long,2012-04-11 10:00:00-04:00,2713.25,2746.0,2684.25,2692.5,61.75,0.13360323886639677,0.3,0.8,2012-04-11 10:00:00-04:00,2713.5,2702.5,2730.0,11.0,15:55:00,1,10.25,13.5,fixed_contracts,2012-04-11 14:30:00-04:00,2702.25,stop,-225.0,-230.0,-1.0227272727272727,5.0,10.0,True,16:59:59,16:58:30,16:45:00,False,True,True,True,True,False
62,prior_session_ibs_reversion,2012-04-12,long,prior_session_ibs_low_ibs_long,pagonidis_internal_bar_strength_equity_etf_mean_reversion,low_ibs_long,2012-04-12 10:00:00-04:00,2722.5,2723.75,2698.75,2705.5,25.0,0.27,0.3,0.8,2012-04-12 10:00:00-04:00,2722.75,2711.75,2739.25,11.0,15:55:00,1,16.75,3.75,fixed_contracts,2012-04-12 11:20:00-04:00,2739.0,target,325.0,320.0,1.4772727272727273,5.0,10.0,True,16:59:59,16:58:30,16:45:00,False,True,True,True,True,False
63,prior_session_ibs_reversion,2012-04-16,long,prior_session_ibs_low_ibs_long,pagonidis_internal_bar_strength_equity_etf_mean_reversion,low_ibs_long,2012-04-16 10:00:00-04:00,2668.5,2728.0,2693.5,2694.5,34.5,0.028985507246376812,0.3,0.8,2012-04-16 10:00:00-04:00,2668.0,2657.25,2684.125,10.75,15:55:00,1,4.75,11.5,fixed_contracts,2012-04-16 10:15:00-04:00,2657.0,stop,-220.0,-225.0,-1.0232558139534884,5.0,10.0,True,16:59:59,16:58:30,16:45:00,False,True,True,True,True,False
64,prior_session_ibs_reversion,2012-04-17,long,prior_session_ibs_low_ibs_long,pagonidis_internal_bar_strength_equity_etf_mean_reversion,low_ibs_long,2012-04-17 10:00:00-04:00,2691.0,2710.0,2656.5,2666.25,53.5,0.1822429906542056,0.3,0.8,2012-04-17 10:00:00-04:00,2691.25,2680.25,2707.75,11.0,15:55:00,1,17.25,5.75,fixed_contracts,2012-04-17 11:00:00-04:00,2707.5,target,325.0,320.0,1.4772727272727273,5.0,10.0,True,16:59:59,16:58:30,16:45:00,False,True,True,True,True,False
65,prior_session_ibs_reversion,2012-04-20,long,prior_session_ibs_low_ibs_long,pagonidis_internal_bar_strength_equity_etf_mean_reversion,low_ibs_long,2012-04-20 10:00:00-04:00,2704.5,2735.0,2671.5,2683.0,63.5,0.18110236220472442,0.3,0.8,2012-04-20 10:00:00-04:00,2704.75,2693.75,2721.25,11.0,15:55:00,1,3.25,12.25,fixed_contracts,2012-04-20 13:20:00-04:00,2693.5,stop,-225.0,-230.0,-1.0227272727272727,5.0,10.0,True,16:59:59,16:58:30,16:45:00,False,True,True,True,True,False
66,prior_session_ibs_reversion,2012-04-23,long,prior_session_ibs_low_ibs_long,pagonidis_internal_bar_strength_equity_etf_mean_reversion,low_ibs_long,2012-04-23 10:00:00-04:00,2642.25,2708.0,2669.75,2673.0,38.25,0.08496732026143791,0.3,0.8,2012-04-23 10:00:00-04:00,2642.5,2631.75,2658.625,10.75,15:55:00,1,0.5,12.0,fixed_contracts,2012-04-23 10:05:00-04:00,2631.5,stop,-220.0,-225.0,-1.0232558139534884,5.0,10.0,True,16:59:59,16:58:30,16:45:00,False,True,True,True,True,False
67,prior_session_ibs_reversion,2012-05-02,long,prior_session_ibs_low_ibs_long,pagonidis_internal_bar_strength_equity_etf_mean_reversion,low_ibs_long,2012-05-02 10:00:00-04:00,2716.25,2753.0,2710.5,2722.5,42.5,0.2823529411764706,0.3,0.8,2012-05-02 10:00:00-04:00,2716.75,2705.75,2733.25,11.0,15:55:00,1,1.5,12.25,fixed_contracts,2012-05-02 10:25:00-04:00,2705.5,stop,-225.0,-230.0,-1.0227272727272727,5.0,10.0,True,16:59:59,16:58:30,16:45:00,False,True,True,True,True,False
68,prior_session_ibs_reversion,2012-05-04,long,prior_session_ibs_low_ibs_long,pagonidis_internal_bar_strength_equity_etf_mean_reversion,low_ibs_long,2012-05-04 10:00:00-04:00,2665.25,2733.5,2693.25,2701.25,40.25,0.19875776397515527,0.3,0.8,2012-05-04 10:00:00-04:00,2665.5,2654.75,2681.625,10.75,15:55:00,1,0.25,10.75,fixed_contracts,2012-05-04 10:15:00-04:00,2654.5,stop,-220.0,-225.0,-1.0232558139534884,5.0,10.0,True,16:59:59,16:58:30,16:45:00,False,True,True,True,True,False
69,prior_session_ibs_reversion,2012-05-07,long,prior_session_ibs_low_ibs_long,pagonidis_internal_bar_strength_equity_etf_mean_reversion,low_ibs_long,2012-05-07 10:00:00-04:00,2633.75,2679.5,2633.0,2633.5,46.5,0.010752688172043012,0.3,0.8,2012-05-07 10:00:00-04:00,2634.0,2623.25,2650.125,10.75,15:55:00,1,5.5,12.0,fixed_contracts,2012-05-07 10:40:00-04:00,2623.0,stop,-220.0,-225.0,-1.0232558139534884,5.0,10.0,True,16:59:59,16:58:30,16:45:00,False,True,True,True,True,False
70,prior_session_ibs_reversion,2012-05-14,long,prior_session_ibs_low_ibs_long,pagonidis_internal_bar_strength_equity_etf_mean_reversion,low_ibs_long,2012-05-14 10:00:00-04:00,2593.0,2640.25,2601.5,2611.75,38.75,0.2645161290322581,0.3,0.8,2012-05-14 10:00:00-04:00,2593.25,2582.75,2609.0,10.5,15:55:00,1,15.0,9.75,fixed_contracts,2012-05-14 15:55:00-04:00,2587.75,eod_flatten,-110.0,-115.0,-0.5238095238095238,5.0,10.0,True,16:59:59,16:58:30,16:45:00,False,True,True,True,True,False
71,prior_session_ibs_reversion,2012-05-16,long,prior_session_ibs_low_ibs_long,pagonidis_internal_bar_strength_equity_etf_mean_reversion,low_ibs_long,2012-05-16 10:00:00-04:00,2592.0,2616.25,2574.5,2579.25,41.75,0.11377245508982035,0.3,0.8,2012-05-16 10:00:00-04:00,2592.5,2582.0,2608.25,10.5,15:55:00,1,3.0,12.75,fixed_contracts,2012-05-16 11:05:00-04:00,2581.75,stop,-215.0,-220.0,-1.0238095238095237,5.0,10.0,True,16:59:59,16:58:30,16:45:00,False,True,True,True,True,False
72,prior_session_ibs_reversion,2012-05-17,long,prior_session_ibs_low_ibs_long,pagonidis_internal_bar_strength_equity_etf_mean_reversion,low_ibs_long,2012-05-17 10:00:00-04:00,2553.75,2596.0,2556.25,2560.75,39.75,0.11320754716981132,0.3,0.8,2012-05-17 10:00:00-04:00,2553.5,2543.25,2568.875,10.25,15:55:00,1,0.0,11.75,fixed_contracts,2012-05-17 10:00:00-04:00,2543.0,stop,-210.0,-215.0,-1.024390243902439,5.0,10.0,True,16:59:59,16:58:30,16:45:00,False,True,True,True,True,False
73,prior_session_ibs_reversion,2012-05-18,long,prior_session_ibs_low_ibs_long,pagonidis_internal_bar_strength_equity_etf_mean_reversion,low_ibs_long,2012-05-18 10:00:00-04:00,2503.25,2566.5,2507.25,2507.25,59.25,0.0,0.3,0.8,2012-05-18 10:00:00-04:00,2503.75,2493.5,2519.125,10.25,15:55:00,1,17.5,3.75,fixed_contracts,2012-05-18 10:50:00-04:00,2518.875,target,302.5,297.5,1.475609756097561,5.0,10.0,True,16:59:59,16:58:30,16:45:00,False,True,True,True,True,False
74,prior_session_ibs_reversion,2012-05-21,long,prior_session_ibs_low_ibs_long,pagonidis_internal_bar_strength_equity_etf_mean_reversion,low_ibs_long,2012-05-21 10:00:00-04:00,2486.25,2521.25,2473.0,2476.0,48.25,0.06217616580310881,0.3,0.8,2012-05-21 10:00:00-04:00,2486.5,2476.5,2501.5,10.0,15:55:00,1,15.0,2.5,fixed_contracts,2012-05-21 10:15:00-04:00,2501.25,target,295.0,290.0,1.475,5.0,10.0,True,16:59:59,16:58:30,16:45:00,False,True,True,True,True,False
75,prior_session_ibs_reversion,2012-06-04,long,prior_session_ibs_low_ibs_long,pagonidis_internal_bar_strength_equity_etf_mean_reversion,low_ibs_long,2012-06-04 10:00:00-04:00,2456.25,2495.5,2456.75,2458.0,38.75,0.03225806451612903,0.3,0.8,2012-06-04 10:00:00-04:00,2457.0,2447.0,2472.0,10.0,15:55:00,1,0.0,14.0,fixed_contracts,2012-06-04 10:05:00-04:00,2446.75,stop,-205.0,-210.0,-1.025,5.0,10.0,True,16:59:59,16:58:30,16:45:00,False,True,True,True,True,False
76,prior_session_ibs_reversion,2012-06-12,long,prior_session_ibs_low_ibs_long,pagonidis_internal_bar_strength_equity_etf_mean_reversion,low_ibs_long,2012-06-12 10:00:00-04:00,2521.25,2579.0,2513.5,2517.75,65.5,0.0648854961832061,0.3,0.8,2012-06-12 10:00:00-04:00,2521.75,2511.5,2537.125,10.25,15:55:00,1,3.5,11.5,fixed_contracts,2012-06-12 10:05:00-04:00,2511.25,stop,-210.0,-215.0,-1.024390243902439,5.0,10.0,True,16:59:59,16:58:30,16:45:00,False,True,True,True,True,False
77,prior_session_ibs_reversion,2012-06-14,long,prior_session_ibs_low_ibs_long,pagonidis_internal_bar_strength_equity_etf_mean_reversion,low_ibs_long,2012-06-14 10:00:00-04:00,2527.25,2552.75,2514.0,2522.25,38.75,0.2129032258064516,0.3,0.8,2012-06-14 10:00:00-04:00,2527.5,2517.25,2542.875,10.25,15:55:00,1,13.5,11.0,fixed_contracts,2012-06-14 14:55:00-04:00,2517.0,stop,-210.0,-215.0,-1.024390243902439,5.0,10.0,True,16:59:59,16:58:30,16:45:00,False,True,True,True,True,False
78,prior_session_ibs_reversion,2012-06-22,long,prior_session_ibs_low_ibs_long,pagonidis_internal_bar_strength_equity_etf_mean_reversion,low_ibs_long,2012-06-22 10:00:00-04:00,2560.0,2618.0,2548.5,2551.75,69.5,0.046762589928057555,0.3,0.8,2012-06-22 10:00:00-04:00,2560.5,2550.25,2575.875,10.25,15:55:00,1,16.0,6.5,fixed_contracts,2012-06-22 15:10:00-04:00,2575.625,target,302.5,297.5,1.475609756097561,5.0,10.0,True,16:59:59,16:58:30,16:45:00,False,True,True,True,True,False
79,prior_session_ibs_reversion,2012-06-26,long,prior_session_ibs_low_ibs_long,pagonidis_internal_bar_strength_equity_etf_mean_reversion,low_ibs_long,2012-06-26 10:00:00-04:00,2540.5,2558.0,2521.0,2527.5,37.0,0.17567567567567569,0.3,0.8,2012-06-26 10:00:00-04:00,2540.5,2530.25,2555.875,10.25,15:55:00,1,9.5,10.75,fixed_contracts,2012-06-26 10:50:00-04:00,2530.0,stop,-210.0,-215.0,-1.024390243902439,5.0,10.0,True,16:59:59,16:58:30,16:45:00,False,True,True,True,True,False
80,prior_session_ibs_reversion,2012-07-23,long,prior_session_ibs_low_ibs_long,pagonidis_internal_bar_strength_equity_etf_mean_reversion,low_ibs_long,2012-07-23 10:00:00-04:00,2551.25,2649.5,2612.75,2614.75,36.75,0.05442176870748299,0.3,0.8,2012-07-23 10:00:00-04:00,2551.5,2541.25,2566.875,10.25,15:55:00,1,15.75,3.75,fixed_contracts,2012-07-23 11:30:00-04:00,2566.625,target,302.5,297.5,1.475609756097561,5.0,10.0,True,16:59:59,16:58:30,16:45:00,False,True,True,True,True,False
81,prior_session_ibs_reversion,2012-07-31,long,prior_session_ibs_low_ibs_long,pagonidis_internal_bar_strength_equity_etf_mean_reversion,low_ibs_long,2012-07-31 10:00:00-04:00,2643.0,2657.75,2628.25,2636.25,29.5,0.2711864406779661,0.3,0.8,2012-07-31 10:00:00-04:00,2643.25,2632.5,2659.375,10.75,15:55:00,1,7.75,9.0,fixed_contracts,2012-07-31 15:55:00-04:00,2638.75,eod_flatten,-90.0,-95.0,-0.4186046511627907,5.0,10.0,True,16:59:59,16:58:30,16:45:00,False,True,True,True,True,False
82,prior_session_ibs_reversion,2012-08-02,long,prior_session_ibs_low_ibs_long,pagonidis_internal_bar_strength_equity_etf_mean_reversion,low_ibs_long,2012-08-02 10:00:00-04:00,2630.5,2656.25,2618.5,2629.0,37.75,0.2781456953642384,0.3,0.8,2012-08-02 10:00:00-04:00,2630.75,2620.0,2646.875,10.75,15:55:00,1,15.5,12.75,fixed_contracts,2012-08-02 11:20:00-04:00,2619.75,stop,-220.0,-225.0,-1.0232558139534884,5.0,10.0,True,16:59:59,16:58:30,16:45:00,False,True,True,True,True,False
83,prior_session_ibs_reversion,2012-08-22,long,prior_session_ibs_low_ibs_long,pagonidis_internal_bar_strength_equity_etf_mean_reversion,low_ibs_long,2012-08-22 10:00:00-04:00,2772.0,2802.5,2761.5,2772.75,41.0,0.27439024390243905,0.3,0.8,2012-08-22 10:00:00-04:00,2772.25,2761.0,2789.125,11.25,15:55:00,1,17.5,8.0,fixed_contracts,2012-08-22 15:10:00-04:00,2788.875,target,332.5,327.5,1.4777777777777779,5.0,10.0,True,16:59:59,16:58:30,16:45:00,False,True,True,True,True,False
84,prior_session_ibs_reversion,2012-08-24,long,prior_session_ibs_low_ibs_long,pagonidis_internal_bar_strength_equity_etf_mean_reversion,low_ibs_long,2012-08-24 10:00:00-04:00,2752.25,2780.25,2754.0,2761.75,26.25,0.29523809523809524,0.3,0.8,2012-08-24 10:00:00-04:00,2752.5,2741.25,2769.375,11.25,15:55:00,1,18.75,1.0,fixed_contracts,2012-08-24 10:40:00-04:00,2769.125,target,332.5,327.5,1.4777777777777779,5.0,10.0,True,16:59:59,16:58:30,16:45:00,False,True,True,True,True,False
