campaign_id,variant_id,test_run_id,strategy_name,symbol,dataset_id,timeframe,data_source,raw_csv,raw_parquet,raw_dir,config_hash,input_data_hash,variant_metadata_path,variant_metadata_hash,updated_at,passed,halted,failed_stage,stage_count,total_trades,trades_per_year,net_profit,profit_factor,max_drawdown_pct,cagr,mar,win_rate,core_grid_pass_rate,core_grid_profitable_iteration_rate,core_grid_meets_profitable_iteration_threshold,monkey_pass_rate,wfa_profitable_window_rate,monte_carlo_prop_pass_chance
nq_archive_range_compression_retest,id_nr4_prior_session_breakout,run1,,NQ,nq_sierra_trade_orderflow_1m_20110103_20260612_full_rth_ny,5m,parquet,,data/cache/orderflow/nq_sierra_trade_orderflow_1m_20110103_20260612_full_rth_ny.parquet,,e6c17ef8e84185993432cb772033ce078a122b795b9a4b348b239214bd444628,,backtest-campaigns/nq_archive_range_compression_retest/id_nr4_prior_session_breakout/variant.yaml,c358ad4ef620e193b407febe59e915ca5d4de9da3360cb9328977f5f20feef24,2026-06-21T15:27:22,False,True,limited_monkey_test,8,,,,,,,,,,,,,,
