campaign_id,variant_id,symbol,test_run_id,terminal_stage,stage_status,passed,total_combinations,profitable_combos,profitable_combo_rate,benchmark_pass_combos,benchmark_pass_rate,apex_rule_violating_iterations,best_run_id,best_net_profit,best_profit_factor,best_expectancy_r,best_total_trades,best_trades_per_year,best_max_drawdown,best_mar,best_win_rate,best_consecutive_losses,best_failure_reason,summary_path,source_config_path,run_dir
nq_intraday_invariance_dislocation_reversion,opening_15m_two_sided_dislocation_fade_1130,NQ,run1,limited_core_grid_test,failed,False,81,0,0.0,0,0.0,0,27,-875.0,0.9679663188724145,0.0035929934588124226,305,238.01178354013626,4360.0,-0.15756749874710407,0.4262295081967213,9,min_total_net_profit;max_consecutive_losses,backtest-campaigns/nq_intraday_invariance_dislocation_reversion/opening_15m_two_sided_dislocation_fade_1130/NQ/run1/variant_test_summary.json,campaigns/nq_intraday_invariance_dislocation_reversion/variants/opening_15m_two_sided_dislocation_fade_1130/config.yaml,backtest-campaigns/nq_intraday_invariance_dislocation_reversion/opening_15m_two_sided_dislocation_fade_1130/NQ/run1
nq_intraday_invariance_dislocation_reversion,afternoon_15m_two_sided_dislocation_fade_1530,NQ,run1,limited_core_grid_test,failed,False,81,0,0.0,0,0.0,0,55,-1465.0,0.7968099861303745,-0.03423954455009331,179,145.28878175549926,1675.0,-0.7111315430325664,0.5195530726256983,5,min_total_net_profit,backtest-campaigns/nq_intraday_invariance_dislocation_reversion/afternoon_15m_two_sided_dislocation_fade_1530/NQ/run1/variant_test_summary.json,campaigns/nq_intraday_invariance_dislocation_reversion/variants/afternoon_15m_two_sided_dislocation_fade_1530/config.yaml,backtest-campaigns/nq_intraday_invariance_dislocation_reversion/afternoon_15m_two_sided_dislocation_fade_1530/NQ/run1
nq_intraday_invariance_dislocation_reversion,lunch_15m_two_sided_dislocation_fade_1330,NQ,run1,limited_core_grid_test,failed,False,81,0,0.0,0,0.0,0,73,-2085.0,0.6380208333333334,-0.15977230537185283,130,105.97803090305172,2605.0,-0.6535022518796006,0.45384615384615384,8,min_total_net_profit,backtest-campaigns/nq_intraday_invariance_dislocation_reversion/lunch_15m_two_sided_dislocation_fade_1330/NQ/run1/variant_test_summary.json,campaigns/nq_intraday_invariance_dislocation_reversion/variants/lunch_15m_two_sided_dislocation_fade_1330/config.yaml,backtest-campaigns/nq_intraday_invariance_dislocation_reversion/lunch_15m_two_sided_dislocation_fade_1330/NQ/run1
nq_intraday_invariance_dislocation_reversion,full_session_15m_two_sided_dislocation_fade_1530,NQ,run1,limited_core_grid_test,failed,False,81,0,0.0,0,0.0,0,27,-2740.0,0.9419737399407031,-0.017036847508267425,459,358.079312247477,7085.0,-0.3024528375803582,0.38562091503267976,11,min_total_net_profit;max_consecutive_losses,backtest-campaigns/nq_intraday_invariance_dislocation_reversion/full_session_15m_two_sided_dislocation_fade_1530/NQ/run1/variant_test_summary.json,campaigns/nq_intraday_invariance_dislocation_reversion/variants/full_session_15m_two_sided_dislocation_fade_1530/config.yaml,backtest-campaigns/nq_intraday_invariance_dislocation_reversion/full_session_15m_two_sided_dislocation_fade_1530/NQ/run1
nq_intraday_invariance_dislocation_reversion,midday_30m_two_sided_dislocation_fade_1430,NQ,run1,limited_core_grid_test,failed,False,81,0,0.0,0,0.0,0,58,-4235.0,0.7732262382864793,-0.08936703648893088,280,224.27290032741945,5145.0,-0.6615318895858266,0.4785714285714286,8,min_total_net_profit,backtest-campaigns/nq_intraday_invariance_dislocation_reversion/midday_30m_two_sided_dislocation_fade_1430/NQ/run1/variant_test_summary.json,campaigns/nq_intraday_invariance_dislocation_reversion/variants/midday_30m_two_sided_dislocation_fade_1430/config.yaml,backtest-campaigns/nq_intraday_invariance_dislocation_reversion/midday_30m_two_sided_dislocation_fade_1430/NQ/run1
