campaign_id,variant_id,test_run_id,strategy_name,symbol,dataset_id,timeframe,data_source,raw_csv,raw_parquet,raw_dir,config_hash,input_data_hash,variant_metadata_path,variant_metadata_hash,updated_at,passed,halted,failed_stage,stage_count,total_trades,trades_per_year,net_profit,profit_factor,max_drawdown_pct,cagr,mar,win_rate,core_grid_pass_rate,core_grid_profitable_iteration_rate,core_grid_meets_profitable_iteration_threshold,monkey_pass_rate,wfa_profitable_window_rate,monte_carlo_prop_pass_chance
es_spx_0dte_trend_aligned_pressure,all_0dte_trend_continuation_1400,run1,,ES,es_sierra_trade_orderflow_1m_20101214_20260610_full_rth_ny,1m,parquet,,data/cache/orderflow/es_sierra_trade_orderflow_1m_20101214_20260610_full_rth_ny.parquet,,81457c11392b424b1909fa0313e004d84d804f6767fc0bb4ad470c16d80fb9b1,,backtest-campaigns/es_spx_0dte_trend_aligned_pressure/all_0dte_trend_continuation_1400/variant.yaml,4775805c8ebfaff1de115aea6f439aa1c8de74e92349585aedf0c43e0aeac681,2026-06-17T17:19:13,False,True,limited_core_grid_test,8,,,,,,,,,,,,,,
es_spx_0dte_trend_aligned_pressure,all_0dte_trend_continuation_1400,rescue1,,ES,es_sierra_trade_orderflow_1m_20101214_20260610_full_rth_ny,1m,parquet,,data/cache/orderflow/es_sierra_trade_orderflow_1m_20101214_20260610_full_rth_ny.parquet,,3c159f76fe7b58c37aecf9a6090969412341e72b16d208b35afe83dbc57750fd,,backtest-campaigns/es_spx_0dte_trend_aligned_pressure/all_0dte_trend_continuation_1400/variant.yaml,4775805c8ebfaff1de115aea6f439aa1c8de74e92349585aedf0c43e0aeac681,2026-06-17T17:24:08,False,True,limited_core_grid_test,8,,,,,,,,,,,,,,
es_spx_0dte_trend_aligned_pressure,all_0dte_trend_continuation_1400,tp_min_rr_rescue1,,ES,es_sierra_trade_orderflow_1m_20101214_20260610_full_rth_ny,1m,parquet,,data/cache/orderflow/es_sierra_trade_orderflow_1m_20101214_20260610_full_rth_ny.parquet,,4a512a58cce97344703b910afc534f3cbfa51a3204967c4aeeab798140b7d9aa,,backtest-campaigns/es_spx_0dte_trend_aligned_pressure/all_0dte_trend_continuation_1400/variant.yaml,4775805c8ebfaff1de115aea6f439aa1c8de74e92349585aedf0c43e0aeac681,2026-06-19T22:29:23,False,True,limited_core_grid_test,8,,,,,,,,,,,,,,
